         0  0.0000E+000      3121  0.0000E+000  0.0000E+000  0.0000E+000  0.0000E+000  0.0000E+000  0.0000E+000  0.0000E+000
        10  1.0000E-005      3121  3.5875E-007  2.9626E-007  2.7287E-007  6.0375E-008  4.0650E-008 -1.3321E+000  2.3072E+000
        20  2.0000E-005      3121  4.5669E-007  5.1018E-007  1.4969E-007  5.8896E-008  1.1046E-007 -1.2764E+000  2.2109E+000
        30  3.0000E-005      3121 -4.5170E-007 -7.5435E-007 -1.4395E-006  5.4450E-008  2.2415E-008 -1.6654E+000  2.8846E+000
        40  4.0000E-005      3121 -8.9321E-007 -8.7272E-007 -2.3354E-006 -6.1174E-007  3.1327E-008 -1.3427E+000  2.3256E+000
        50  5.0000E-005      3121 -1.5428E-006 -1.8283E-007 -2.4910E-006  8.0663E-007  9.7601E-008 -1.7008E+000  2.9459E+000
        60  6.0000E-005      3121 -2.2765E-006 -6.1649E-007 -1.6319E-006  3.2917E-007 -2.3081E-007 -1.2315E+000  2.1329E+000
        70  7.0000E-005      3121 -2.1122E-006 -9.2192E-007 -1.9590E-006 -3.4506E-007 -2.3727E-007 -2.0053E+000  3.4734E+000
        80  8.0000E-005      3121  1.1848E-005  2.8658E-005 -4.8525E-006  4.4061E-006  9.6513E-006 -1.3366E+000  2.3150E+000
        90  9.0000E-005      3121  1.0957E-005  2.6938E-005 -5.2718E-006  5.1480E-006  9.0048E-006 -1.5785E+000  2.7340E+000
       100  1.0000E-004      3121  8.0193E-006  2.2603E-005 -1.0960E-006  1.1436E-005  5.9019E-006 -1.1554E+000  2.0012E+000
       110  1.1000E-004      3121  9.0727E-006  2.2848E-005  1.3110E-006  8.0250E-006  6.8527E-006 -1.4673E+000  2.5414E+000
       120  1.2000E-004      3121  1.0768E-005  2.2180E-005 -1.4079E-006  1.7109E-006  8.5185E-006 -1.3679E+000  2.3692E+000
       130  1.3000E-004      3121  5.7109E-006  9.5933E-006 -4.0411E-006 -3.6338E-006  3.9078E-006 -1.9066E+000  3.3023E+000
       140  1.4000E-004      3121 -2.8800E-006 -7.8774E-006 -1.3850E-005  8.8439E-007  3.0015E-006 -1.5910E+000  2.7557E+000
       150  1.5000E-004      3121  7.1784E-006  2.2162E-006  6.9489E-006 -1.3321E-005  8.5551E-006 -1.7758E+000  3.0757E+000
       160  1.6000E-004      3121 -1.3162E-005  1.6993E-005 -3.0233E-005 -2.3751E-006 -2.3272E-006 -1.6196E+000  2.8052E+000
       170  1.7000E-004      3121 -1.5060E-005  1.1057E-005 -2.0006E-005 -2.9461E-005 -1.4987E-006 -1.8682E+000  3.2358E+000
       180  1.8000E-004      3121  1.3802E-005  6.7514E-007  3.2071E-005 -1.2747E-005  4.3800E-006 -1.8837E+000  3.2626E+000
       190  1.9000E-004      3121  1.0489E-005 -2.1161E-005  1.2630E-005 -8.6638E-006 -2.0682E-007 -1.9297E+000  3.3424E+000
       200  2.0000E-004      3121  1.2184E-005  3.4900E-005  8.0379E-006  1.9781E-005  1.0384E-005 -1.4810E+000  2.5652E+000
       210  2.1000E-004      3121 -1.0835E-005 -1.5616E-005  5.9848E-006  2.0348E-005 -1.4158E-006 -1.3293E+000  2.3024E+000
       220  2.2000E-004      3121 -2.9885E-005 -2.6216E-005 -5.5348E-006  2.8064E-005 -2.2691E-006 -1.4991E+000  2.5965E+000
       230  2.3000E-004      3121  8.7638E-006 -9.0182E-006 -9.2356E-006 -1.2513E-006  6.2721E-006 -1.5586E+000  2.6996E+000
       240  2.4000E-004      3121  1.1612E-005 -7.5141E-006 -6.8990E-007 -1.3739E-005  3.5713E-006 -1.4998E+000  2.5977E+000
       250  2.5000E-004      3121  1.5084E-005  1.5160E-005 -1.3934E-005 -5.4486E-006  1.3774E-006 -1.2973E+000  2.2470E+000
       260  2.6000E-004      3121 -8.7657E-007  2.8070E-005 -3.2081E-005  1.4813E-005  9.6609E-007 -1.2539E+000  2.1719E+000
       270  2.7000E-004      3121 -2.5787E-005 -4.2335E-006  4.4879E-006 -2.8926E-006  7.9768E-006 -1.4358E+000  2.4868E+000
       280  2.8000E-004      3121  1.1597E-005  5.0246E-006 -1.1973E-005 -2.6251E-005  1.3519E-005 -1.7340E+000  3.0034E+000
       290  2.9000E-004      3121  9.6633E-006  1.4510E-005 -2.3254E-005 -3.4058E-005  6.4159E-006 -1.2576E+000  2.1782E+000
       300  3.0000E-004      3121  1.8032E-005 -7.4217E-006  1.0806E-005  7.4450E-006  4.3274E-006 -1.4043E+000  2.4323E+000
       310  3.1000E-004      3121  7.8524E-006 -2.0174E-005  1.8067E-005  3.9667E-005  9.7075E-006 -9.6616E-001  1.6734E+000
       320  3.2000E-004      3121 -3.5105E-005 -2.4084E-005 -8.2774E-006  1.7237E-005  1.0903E-005 -1.1497E+000  1.9914E+000
       330  3.3000E-004      3121  6.2059E-007  6.2662E-007 -1.1302E-005  5.4022E-006  5.5849E-006 -1.2372E+000  2.1428E+000
       340  3.4000E-004      3121 -6.6196E-006 -1.1422E-006  5.5891E-006 -7.7035E-006 -4.1724E-007 -1.2190E+000  2.1113E+000
       350  3.5000E-004      3121  1.3984E-005  8.2258E-006 -3.3877E-006  2.8759E-005  9.6617E-006 -1.0931E+000  1.8932E+000
       360  3.6000E-004      3121 -2.0581E-006  1.1691E-005  1.9005E-006  1.5726E-005  1.6792E-005 -1.2773E+000  2.2124E+000
       370  3.7000E-004      3121 -2.5998E-005 -3.2243E-006 -1.0922E-005  7.9260E-006  1.0349E-005 -1.2258E+000  2.1231E+000
       380  3.8000E-004      3121 -2.7750E-006  9.2566E-006 -2.4041E-005 -4.8979E-005 -1.0999E-006 -1.5706E+000  2.7204E+000
       390  3.9000E-004      3121  2.2384E-005  8.2659E-006 -1.8274E-006 -1.9540E-005  1.1899E-005 -1.8572E+000  3.2168E+000
       400  4.0000E-004      3121  2.8961E-005  1.9900E-005  1.1406E-005 -3.1337E-005  1.6359E-005 -1.7169E+000  2.9738E+000
       410  4.1000E-004      3121  1.2932E-005  4.0012E-005 -1.9656E-005  1.0996E-005  1.3528E-005 -1.6175E+000  2.8016E+000
       420  4.2000E-004      3121 -1.2542E-005  2.4019E-005 -1.8304E-006  9.8966E-006  8.8363E-006 -1.6502E+000  2.8582E+000
       430  4.3000E-004      3121 -1.2648E-005  9.5214E-006 -3.3816E-006  1.8141E-005  1.1810E-005 -1.6281E+000  2.8199E+000
       440  4.4000E-004      3121  3.1789E-006 -7.0482E-006  2.4558E-005 -1.7420E-005  1.0540E-005 -1.7761E+000  3.0763E+000
       450  4.5000E-004      3121  1.7534E-005 -6.0182E-006  1.1867E-005  2.9215E-005  6.6551E-006 -1.5939E+000  2.7608E+000
       460  4.6000E-004      3121 -2.5845E-006  2.3407E-006  1.5099E-005 -8.4766E-006  8.4559E-006 -1.2625E+000  2.1866E+000
       470  4.7000E-004      3121 -1.2161E-005  9.9775E-006  7.0015E-006  3.0390E-005  1.8054E-005 -1.3330E+000  2.3089E+000
       480  4.8000E-004      3121 -3.6021E-006 -1.2272E-005  5.8152E-006 -1.5407E-005  3.2575E-006 -1.7049E+000  2.9529E+000
       490  4.9000E-004      3121 -6.7814E-006 -1.5586E-005  2.0927E-005 -4.9658E-005 -2.9570E-006 -1.7798E+000  3.0826E+000
       500  5.0000E-004      3121  8.3370E-006  9.4589E-006 -9.6190E-006 -9.0550E-005 -3.3392E-006 -1.8343E+000  3.1770E+000
       510  5.1000E-004      3121 -1.6823E-005 -3.0874E-005 -1.3501E-005  1.5669E-005 -2.7264E-006 -1.5678E+000  2.7155E+000
       520  5.2000E-004      3121 -3.3639E-005 -4.2502E-005  1.3622E-005 -1.4440E-005 -2.6852E-006 -1.5771E+000  2.7316E+000
       530  5.3000E-004      3121 -1.1143E-005 -4.8064E-006 -1.7481E-005  4.5848E-005 -6.2606E-006 -1.6653E+000  2.8844E+000
       540  5.4000E-004      3121  9.1338E-006  1.4260E-005 -5.1720E-006 -5.0959E-005  6.2867E-006 -1.7804E+000  3.0838E+000
       550  5.5000E-004      3121  3.4478E-005  1.8711E-005  1.4837E-005  1.4550E-005  5.0430E-006 -1.3519E+000  2.3416E+000
       560  5.6000E-004      3121  2.0194E-005  6.1605E-006  1.8751E-005  5.0279E-005 -3.5635E-006 -1.4678E+000  2.5423E+000
       570  5.7000E-004      3121 -2.7088E-005 -8.8636E-006  4.2076E-006  1.1835E-004 -6.6454E-006 -1.0640E+000  1.8429E+000
       580  5.8000E-004      3121 -2.7323E-005 -2.4452E-005  1.1732E-005 -1.6601E-005  1.6258E-006 -1.4578E+000  2.5250E+000
       590  5.9000E-004      3121 -6.4615E-006 -1.8689E-005  1.0134E-005 -4.9237E-006  3.9276E-006 -1.2284E+000  2.1276E+000
       600  6.0000E-004      3121  9.3195E-006  1.1361E-005 -7.8683E-006 -6.8290E-005 -3.9885E-006 -1.5504E+000  2.6854E+000
       610  6.1000E-004      3121  3.6626E-005  6.4035E-006  6.5673E-006  1.4672E-006 -5.9581E-006 -9.7319E-001  1.6856E+000
       620  6.2000E-004      3121  2.2308E-006  4.7170E-006 -8.2497E-006 -3.0300E-006  1.8473E-006 -1.4750E+000  2.5548E+000
       630  6.3000E-004      3121  1.7317E-006  2.1152E-005 -1.0182E-005 -1.2495E-005 -1.8204E-006 -9.0834E-001  1.5733E+000
       640  6.4000E-004      3121  1.3842E-005 -5.4264E-006  9.5387E-006 -6.8354E-005 -2.2544E-006 -1.6951E+000  2.9360E+000
       650  6.5000E-004      3121  1.3828E-005  6.8835E-006  6.1542E-006  4.7115E-005 -4.8808E-006 -1.3603E+000  2.3560E+000
       660  6.6000E-004      3121  2.3377E-005  3.2014E-005 -6.9839E-006  9.5845E-006 -1.9679E-006 -1.5108E+000  2.6167E+000
       670  6.7000E-004      3121 -1.1819E-005  1.1779E-005 -1.1309E-005  9.4882E-005 -8.2531E-006 -9.6377E-001  1.6693E+000
       680  6.8000E-004      3121 -5.1779E-006  1.6851E-005 -4.5597E-007  4.3339E-005 -1.1969E-005 -1.5148E+000  2.6237E+000
       690  6.9000E-004      3121 -3.6713E-006  1.7797E-005  1.3096E-005  1.6383E-005 -3.7210E-006 -1.1706E+000  2.0275E+000
       700  7.0000E-004      3121  2.3223E-005  6.9456E-006  8.8845E-006 -4.2220E-005  8.8236E-006 -1.8412E+000  3.1890E+000
       710  7.1000E-004      3121  3.9711E-005  1.0035E-005  2.9378E-005  4.2284E-006  3.6489E-006 -1.3733E+000  2.3786E+000
       720  7.2000E-004      3121 -1.9381E-005 -2.7325E-005  1.5028E-005 -5.7572E-005 -1.8445E-005 -1.5050E+000  2.6068E+000
       730  7.3000E-004      3121  2.0227E-005 -6.8661E-006  2.8677E-005  7.1130E-006 -4.3349E-006 -1.5575E+000  2.6977E+000
       740  7.4000E-004      3121 -1.1368E-005 -1.2790E-005  1.9259E-006 -4.4080E-005 -7.6643E-007 -1.9861E+000  3.4400E+000
       750  7.5000E-004      3121 -8.9783E-006 -2.3248E-005  1.9543E-005 -7.6765E-005 -1.1859E-005 -1.7898E+000  3.1001E+000
       760  7.6000E-004      3121  2.3700E-005 -2.8089E-005  9.4397E-006 -3.6139E-005 -1.0735E-005 -1.8763E+000  3.2499E+000
       770  7.7000E-004      3121 -1.1371E-005 -4.7056E-005  1.4697E-005  7.6090E-005 -9.2394E-006 -1.4422E+000  2.4980E+000
       780  7.8000E-004      3121  5.8852E-006  5.3478E-006 -4.0114E-006  5.5406E-005 -2.4124E-006 -1.5054E+000  2.6075E+000
       790  7.9000E-004      3121 -3.0646E-005 -3.8184E-005 -7.3675E-006  7.6048E-005 -2.1503E-005 -1.6980E+000  2.9410E+000
       800  8.0000E-004      3121 -3.2156E-005 -5.3485E-005 -5.8262E-006 -3.2607E-005 -2.5157E-005 -1.6091E+000  2.7871E+000
       810  8.1000E-004      3121 -7.3974E-007 -3.4062E-005 -1.7061E-006 -1.3817E-005 -1.7632E-005 -1.5841E+000  2.7437E+000
       820  8.2000E-004      3121 -3.1974E-005 -4.2955E-005 -1.0324E-005  5.1728E-005 -1.0510E-005 -1.3227E+000  2.2911E+000
       830  8.3000E-004      3121 -1.5336E-005 -4.5797E-005  2.2817E-005  1.5499E-005 -1.1317E-005 -1.4946E+000  2.5887E+000
       840  8.4000E-004      3121 -4.2891E-005 -5.3717E-005 -1.0958E-005 -1.0461E-004 -2.6096E-005 -1.3773E+000  2.3856E+000
       850  8.5000E-004      3121 -3.4884E-005 -5.7674E-005  2.1771E-005 -9.8462E-005 -2.2266E-005 -1.7679E+000  3.0620E+000
       860  8.6000E-004      3121  1.8245E-005 -3.2212E-005  2.6386E-005 -6.5091E-005 -5.2854E-006 -1.4222E+000  2.4633E+000
       870  8.7000E-004      3121  5.2511E-007 -2.3539E-005  1.2751E-005  2.2315E-005 -9.9500E-006 -1.4817E+000  2.5663E+000
       880  8.8000E-004      3121 -3.3171E-006 -8.0023E-006  2.1960E-005  1.0416E-004 -1.7984E-005 -1.2509E+000  2.1667E+000
       890  8.9000E-004      3121 -1.5497E-005 -1.6212E-005  2.0209E-005  1.5775E-005 -1.1137E-005 -1.3803E+000  2.3908E+000
       900  9.0000E-004      3121  3.8463E-006  1.5947E-005 -6.0364E-006  2.7162E-005 -8.4682E-006 -1.3864E+000  2.4013E+000
       910  9.1000E-004      3121  1.3592E-005  5.4560E-006  5.3864E-006  6.7302E-005 -2.1930E-005 -1.5862E+000  2.7473E+000
       920  9.2000E-004      3121 -7.4207E-006 -2.3715E-005  1.7155E-005  3.8732E-005 -1.7874E-005 -1.0866E+000  1.8821E+000
       930  9.3000E-004      3121  7.1735E-007  1.9522E-006 -1.2238E-005  3.8395E-005 -2.2558E-006 -1.2382E+000  2.1446E+000
       940  9.4000E-004      3121 -4.3024E-005  3.9773E-006 -2.1824E-005  1.5230E-005  4.2869E-007 -1.2617E+000  2.1853E+000
       950  9.5000E-004      3121 -2.2510E-005 -7.6771E-006  1.5401E-005 -1.1224E-004 -7.0873E-006 -1.4019E+000  2.4282E+000
       960  9.6000E-004      3121  1.5851E-005 -2.3626E-005 -4.5501E-006 -5.5240E-005 -1.8577E-005 -1.5943E+000  2.7614E+000
       970  9.7000E-004      3121  1.8892E-005  5.7417E-006  9.9140E-006 -6.7869E-005 -1.4771E-005 -1.3429E+000  2.3259E+000
       980  9.8000E-004      3121  1.6517E-005 -3.4214E-005  1.0722E-005  2.9898E-006 -6.9833E-006 -1.0691E+000  1.8517E+000
       990  9.9000E-004      3121 -1.5094E-005 -4.3351E-005  4.1259E-005  2.2968E-005 -5.8402E-006 -1.4201E+000  2.4597E+000
      1000  1.0000E-003      3121 -5.4734E-007 -4.8046E-006  3.4978E-005  4.6582E-005 -3.3732E-006 -1.5052E+000  2.6071E+000
      1010  1.0100E-003      3121  3.2127E-005  3.1552E-006  5.6826E-005 -5.9133E-005  3.8398E-006 -1.5970E+000  2.7661E+000
      1020  1.0200E-003      3121  9.2925E-006 -2.2394E-006  4.0632E-005  1.0198E-004 -7.8806E-008 -1.5814E+000  2.7390E+000
      1030  1.0300E-003      3121  1.4206E-005  8.6151E-006 -2.7936E-006  7.6209E-005 -1.3082E-005 -1.3593E+000  2.3543E+000
      1040  1.0400E-003      3121  7.8370E-006 -2.9929E-005  3.6169E-005  8.0867E-005  1.8598E-006 -1.6453E+000  2.8497E+000
      1050  1.0500E-003      3121  6.7429E-006  1.4317E-005  3.5931E-005 -4.6177E-005  7.7716E-006 -1.8379E+000  3.1833E+000
      1060  1.0600E-003      3121  1.2011E-005 -2.2240E-005 -4.4377E-007 -1.0696E-004 -6.9924E-006 -1.7743E+000  3.0732E+000
      1070  1.0700E-003      3121  2.3642E-005  6.2816E-006  3.8942E-005 -1.3238E-004 -5.8907E-006 -1.7270E+000  2.9912E+000
      1080  1.0800E-003      3121  1.8215E-005 -2.0565E-006  2.4319E-005  6.8681E-005 -7.9064E-007 -1.5315E+000  2.6526E+000
      1090  1.0900E-003      3121 -2.7012E-005 -2.3924E-005  1.4210E-005 -5.0267E-005 -7.0181E-006 -1.6712E+000  2.8946E+000
      1100  1.1000E-003      3121 -2.0202E-005  3.8577E-006  7.4945E-006 -1.1063E-005  4.1334E-006 -1.5383E+000  2.6644E+000
      1110  1.1100E-003      3121  2.6592E-005  1.0399E-005  3.5933E-005 -6.8001E-005  8.1035E-006 -1.8304E+000  3.1704E+000
      1120  1.1200E-003      3121  2.0008E-006 -3.7822E-005  5.5805E-005  9.6884E-005 -9.5283E-006 -1.4107E+000  2.4434E+000
      1130  1.1300E-003      3121  2.5111E-005 -5.5102E-005  2.6715E-005  8.1891E-005 -4.1318E-006 -1.4798E+000  2.5631E+000
      1140  1.1400E-003      3121 -1.0366E-005 -2.4618E-005  2.0928E-005  1.8799E-004 -7.6516E-006 -1.1181E+000  1.9366E+000
      1150  1.1500E-003      3121  3.5489E-006 -7.4319E-006  7.0154E-006 -7.6915E-005 -5.5718E-006 -1.4878E+000  2.5770E+000
      1160  1.1600E-003      3121 -7.7110E-006 -2.2331E-005  6.2967E-006  1.2985E-006  2.9146E-006 -1.3831E+000  2.3956E+000
      1170  1.1700E-003      3121 -1.0943E-005  4.9093E-006  1.8563E-006 -8.5127E-005  1.4382E-005 -1.8239E+000  3.1591E+000
      1180  1.1800E-003      3121  2.3735E-005  2.1252E-005 -1.8054E-005  1.9195E-006  1.8193E-005 -1.0777E+000  1.8667E+000
      1190  1.1900E-003      3121 -3.3597E-006  9.6360E-006  1.3653E-005 -5.5394E-005  1.0176E-005 -1.5657E+000  2.7119E+000
      1200  1.2000E-003      3121 -2.7436E-005 -2.0291E-005 -1.1859E-005  1.2251E-005 -5.5108E-006 -1.1819E+000  2.0471E+000
      1210  1.2100E-003      3121  2.3550E-005  2.4921E-005  1.6082E-005 -1.5740E-004  4.5172E-007 -1.6730E+000  2.8978E+000
      1220  1.2200E-003      3121  4.2118E-006  2.4137E-005 -1.4601E-005  3.8168E-005  2.1554E-005 -1.2745E+000  2.2076E+000
      1230  1.2300E-003      3121  1.1501E-005  2.3459E-007 -5.9745E-006  1.0836E-005  2.4943E-005 -1.3373E+000  2.3164E+000
      1240  1.2400E-003      3121 -9.5285E-006 -1.6795E-005 -7.7609E-007  1.5677E-004  9.5156E-006 -7.8231E-001  1.3550E+000
      1250  1.2500E-003      3121 -2.6662E-005 -4.8812E-005  4.6567E-006  7.7583E-005  1.5379E-005 -1.6424E+000  2.8447E+000
      1260  1.2600E-003      3121 -6.3242E-006 -4.0887E-005  3.3124E-005  4.4575E-005  1.2940E-005 -1.3030E+000  2.2569E+000
      1270  1.2700E-003      3121 -1.9314E-005 -3.0273E-005 -2.0038E-005 -1.2747E-004  1.9545E-005 -1.7287E+000  2.9943E+000
      1280  1.2800E-003      3121  4.4799E-006 -6.7506E-006 -8.8962E-006  6.5647E-005  2.3176E-005 -1.3460E+000  2.3313E+000
      1290  1.2900E-003      3121  1.1930E-005 -9.1673E-006  3.7031E-005 -4.0500E-005  1.4155E-005 -1.4499E+000  2.5113E+000
      1300  1.3000E-003      3121 -2.9042E-005 -1.7099E-005 -1.2857E-005 -8.5020E-006  6.0525E-006 -1.4110E+000  2.4439E+000
      1310  1.3100E-003      3121 -2.7640E-005 -2.7705E-005  1.5533E-006 -1.5866E-004  2.1435E-005 -1.7596E+000  3.0478E+000
      1320  1.3200E-003      3121 -2.7967E-005 -3.7017E-005 -1.5094E-005 -1.1132E-004  2.8517E-005 -1.4653E+000  2.5379E+000
      1330  1.3300E-003      3121  4.0667E-006  5.6907E-006  6.2220E-006 -2.4418E-005  2.4217E-005 -1.5319E+000  2.6533E+000
      1340  1.3400E-003      3121 -1.1134E-005  2.2273E-006 -8.1964E-006  1.9370E-004  3.2351E-005 -1.3880E+000  2.4041E+000
      1350  1.3500E-003      3121  7.0146E-006  2.4576E-005 -3.3828E-006  5.6873E-005  3.4138E-005 -1.4483E+000  2.5086E+000
      1360  1.3600E-003      3121  1.1585E-005  2.5695E-005  2.4672E-005  2.9780E-005  2.5993E-005 -1.6053E+000  2.7804E+000
      1370  1.3700E-003      3121 -3.7632E-005 -7.4530E-005 -1.7419E-005 -1.8058E-005  1.5910E-005 -1.7447E+000  3.0219E+000
      1380  1.3800E-003      3121 -9.4915E-006 -6.1652E-005  2.1267E-005  3.4150E-005  4.2847E-006 -1.7114E+000  2.9643E+000
      1390  1.3900E-003      3121  2.0728E-005 -3.6581E-005  2.4775E-005  5.6626E-005  2.5928E-005 -1.5719E+000  2.7226E+000
